example,time_sampling,time_training,time_Z3,result,lastPhase
0,0,0,0,13.284,N,S
1,98.402,61.258,562.132,28.602,Y,S
2,262.823,406.812,1082.731,42.42,Y,S
4,741.259,316.959,4239.257,148.821,T,T
6,724.526000000001,1042.775,2880.264,65.687,T,T
7,528.014,605.309,715.03,26.89,T,T
8,1269.784,1359.17,887.86,30.246,T,T
9,0,0,0,12.218,N,S
10,0,0,0,13.003,N,S
11,0,0,0,12.747,N,S
12,0,0,0,12.147,N,S
13,0,0,0,11.449,N,S
15,663.235,400.579,691.942,26.489,T,T
21,243.741,453.071,1975.594,45.385,T,T
22,244.138,795.015,1054.71,46.266,T,T
23,244.018,785.81,1087.815,46.533,T,T
24,189.156,405.034,2281.935,58.598,T,T
25,1566.735,733.106,2964.077,95.375,T,T
26,1519.376,854.820000000001,3204.974,94.669,T,T
27,1504.072,1162.953,4135.756,163.522,T,T
29,44.875,3.432,33.49,10.983,Y,S
30,51.675,16.793,271.327,19.174,Y,S
31,1093.756,1333.132,2951.288,21.197,T,T
32,488.698,616.481,2058.17,78.016,T,T
34,855.607,632.082,3111.479,116.413,T,T
35,0,0,0,12.675,N,S
36,25.805,0.881,12.712,10.617,Y,S
38,224.263,317.082,2562.56,108.015,T,T
39,0,0,0,17.548,N,S
40,0,0,0,14.593,N,S
42,0,0,0,15.159,N,S
43,0,0,0,14.426,N,S
46,497.468,629.972,727.382,29.148,T,T
47,0,0,0,14.966,N,S
48,0,0,0,13.209,N,S
49,0,0,0,12.337,N,S
50,34.025,35.892,981.971,28.279,T,T
51,239.961,367.173,1168.532,46.347,Y,S
52,41.107,0.957,13.038,10.07,Y,S
53,0,0,0,12.396,N,S
55,230.478,48.861,802.203,39.209,Y,S
57,176.636,28.394,230.224,19.404,Y,S
58,3.084,0.738,11.628,10.008,Y,S
59,0,0,0,11.602,N,S
60,0,0,0,12.865,N,S
61,71.856,1.498,14.41,10.792,Y,S
62,78.358,226.118,508.501,23.013,T,S
63,0,0,0,13.275,N,S
65,0,0,0,15.737,N,S
66,235.928,300.008,1234.966,49.687,Y,S
67,663.853,537.098,2211.439,73.294,Y,S
68,773.302000000001,434.63,3254.411,101.051,T,T
70,0,0,0,13.285,N,S
71,191.95,111.245,3118.58,60.768,T,T
72,266.596,401.357,1438.526,55.432,Y,S
73,658.74,105.599,454.725,25.118,Y,S
74,409.438,372.829,2129.535,77.047,T,T
75,172.729,572.646,1087.944,46.963,T,T
78,263.847,284.712,2509.12,97.539,T,T
79,0,0,0,12.327,N,S
80,184.745,233.807,2213.897,82.759,T,T
81,249.244,584.657,1685.379,41.746,T,T
82,679.875,1086.859,2426.649,96.668,T,T
83,230.027,121.091,542.89,30.558,Y,S
84,154.874,461.166,1067.435,62.074,T,T
85,1030.388,645.863,3252.368,102.371,T,T
86,667.564999999999,709.935,2143.972,81.411,T,T
87,0,0,0,11.581,N,S
88,498.596,566.139,2083.652,77.481,T,T
89,0,0,0,12.168,N,S
90,0,0,0,12.224,N,S
93,307.073,450.575,1975.709,63.124,T,T
94,268.879,324.633,1804.353,62.815,T,T
95,0,0,0,12.173,N,S
96,223.544,338.445,2524.336,103.142,T,T
97,276.276,623.191,1978.966,44.328,T,T
98,423.101,449.012,3978.051,131.816,T,T
99,997.133,630.441,3092.514,100.681,T,T
100,547.312,527.906,4750.282,197.49,T,T
101,685.350000000001,159.629,2472.773,61.668,T,T
102,359.783,493.636,2491.817,106.023,T,T
103,226.62,337.73,2508.699,101.961,T,T
104,211.587,113.627,2962.371,68.146,T,T
105,356.084,560.321,1698.227,59.534,T,T
106,176.096,298.82,2492.763,102.692,T,T
107,766.874,839.396999999999,4917.79200000001,207.167,T,T
108,277.306,340.403,3091.775,96.535,T,T
109,216.582,287.619,2072.614,81.677,T,T
112,92.5930000000001,394.293,961.208,27.27,T,T
113,0,0,0,12.02,N,S
115,23.954,0.848,12.495,10.435,Y,S
116,629.821000000001,602.315,3809.225,86.406,T,T
117,0,0,0,12,N,S
119,0,0,0,11.873,N,S
120,0,0,0,12.161,N,S
121,1403.02,1276.844,3141.132,120.201,T,T
122,0,0,0,13.225,N,S
123,0,0,0,12.223,N,S
125,0,0,0,12.752,N,S
126,266.608,613.238,1444.615,49.169,Y,S
127,141.817,147.58,505.33,29.909,Y,S
129,1241.931,965.161,3076.754,118.841,T,T
131,0,0,0,11.658,N,S
132,74.426,3.646,35.78,10.856,Y,S
133,74.571,3.333,60.854,11.572,Y,S
136,581.574,615.254,2845.184,64.493,T,T
140,0,0,0,13.048,N,S
144,471.192,370.912,516.279,27.148,Y,S
146,960.065,74.007,6087.862,588.624,T,S
147,1847.109,112.85,7599.097,619.25,T,S
148,60.847,22.677,769.403,29.798,Y,S
149,4.295,0.86,23.727,11.47,Y,S
150,13.291,0.792,12.967,10.738,Y,S
151,72.075,25.524,784.371,32.38,Y,S
152,5.437,0.751,13.774,11.632,Y,S
153,247.829,98.129,1392.195,42.685,Y,S
154,93.928,155.24,341.304,14.545,T,S
155,273.767,390.563,3399.327,70.338,T,T
156,250.889,290.457,958.925,43.151,Y,S
157,111.854,95.773,955.479,27.975,Y,S
158,53.637,56.154,959.731,30.415,Y,S
160,6.763,0.834,26.766,37.022,Y,S
161,677.456,367.469,4739.67,121.117,T,T
163,9.571,0.796,15.246,12.801,Y,S
164,171.157,111.703,886.013,37.675,Y,S
165,12.845,0.794,12.578,10.481,Y,S
166,141.469,57.112,969.785,48.895,Y,S
167,23.461,13.048,279.45,20.837,Y,S
168,44.865,0.953,14.95,12.164,Y,S
169,158.159,900.351,1321.782,36.352,T,T
170,225.177,329.467,2451.037,101.678,T,T
171,70.068,59.239,272.817,20.768,Y,S
